     3.719122962759691e-02
     3.233107648081307e+11
     3.269444040524303e+00
     2.530230260850506e-34
     3.755453119679923e-31
     1.396144679566565e+07
                         0
     2.246667954164269e-02
     3.974753148553213e+08
     2.673752499756867e+08
     1.204055222783225e-35
     1.192967137227417e+12
     5.418864497946585e-08
     3.877123062949840e-32
     1.350066531265032e-34
     1.898837691135842e+12
     3.666024758852194e-45
     5.946609520158259e+08
     1.877392613366456e-32
     8.449487670014925e+00
     3.029223909407066e+10
                         0
                         0
     2.798895273236464e-01
     2.098675594718875e+12
     1.564704865878261e+10
     3.906306243615486e+07
     9.865846834533392e+08
     1.268625532000101e+04
     3.579020819934463e+07
     2.676677782485587e+09
     8.210224903634333e-03
